1992.96      -31.117
1992.985      -33.117
1993.01      -31.351
1993.039      -34.279
1993.064      -36.143
1993.096      -37.568
1993.119      -34.647
1993.147      -29.149
1993.175      -28.378
1993.202      -29.117
1993.229      -29.662
1993.283      -31.247
1993.311      -25.826
1993.338      -27.113
1993.365      -26.212
1993.392      -30.199
1993.419      -30.725
1993.446      -27.75
1993.474      -24.929
1993.501      -25.044
1993.528      -24.509
1993.582      -30.078
1993.61      -28.822
1993.637      -25.854
1993.664      -24.753
1993.691      -27.5
1993.717      -30.032
1993.745      -28.167
1993.772      -24.585
1993.799      -27.142
1993.854      -27.094
1993.881      -29.394
1993.908      -27.972
1993.935      -26.047
1993.963      -21.97
1993.989      -22.999
1994.017      -29.127
1994.044      -26.465
1994.071      -25.144
1994.098      -27.881
1994.126      -28.707
1994.153      -26.868
1994.18      -23.026
1994.234      -24.334
1994.261      -22.825
1994.289      -21.892
1994.316      -21.133
1994.343      -24.398
1994.37      -25.54
1994.397      -28.296
1994.424      -25.001
1994.451      -21.223
1994.506      -28.14
1994.533      -24.638
1994.56      -23.944
1994.587      -23.379
1994.615      -23.557
1994.642      -23.006
1994.669      -24.359
1994.696      -22.898
1994.723      -24.915
1994.75      -26.351
1994.777      -25.464
1994.805      -21.551
1994.832      -22.636
1994.886      -26.955
1994.913      -28.382
1994.941      -21.797
1994.968      -20.895
1994.995      -21.07
1995.022      -21.035
1995.049      -22.543
1995.076      -17.52
1995.104      -21.271
1995.131      -24.31
1995.158      -21.303
1995.212      -17.269
1995.239      -23.435
1995.267      -20.888
1995.294      -20.083
1995.321      -20.992
1995.375      -23.23
1995.402      -20.966
1995.429      -17.138
1995.457      -19.862
1995.484      -23.631
1995.538      -26.256
1995.565      -24.479
1995.593      -23.756
1995.62      -22.075
1995.647      -24.59
1995.674      -23.802
1995.701      -21.108
1995.728      -15.737
1995.756      -21.353
1995.783      -23.771
1995.837      -24.612
1995.864      -23.971
1995.89      -21.726
1995.946      -23.914
1995.973      -18.358
1996.0      -21.681
1996.027      -23.733
1996.053      -22.56
1996.081      -23.321
1996.108      -18.351
1996.163      -19.374
1996.19      -21.558
1996.217      -18.645
1996.244      -17.774
1996.271      -20.146
1996.298      -21.141
1996.325      -20.536
1996.352      -19.794
1996.379      -19.281
1996.406      -17.405
1996.433      -18.644
1996.488      -18.457
1996.515      -19.099
1996.542      -18.593
1996.569      -16.394
1996.596      -18.519
1996.623      -21.806
1996.65      -23.255
1996.677      -24.826
1996.704      -21.168
1996.732      -19.043
1996.759      -18.221
1996.813      -15.129
1996.84      -13.19
1996.867      -16.599
1996.894      -22.319
1996.921      -21.364
1996.948      -20.273
1996.975      -25.051
1997.002      -24.456
1997.03      -20.538
1997.057      -22.535
1997.084      -20.649
1997.138      -22.212
1997.165      -21.577
1997.193      -21.8
1997.22      -18.839
1997.247      -17.383
1997.274      -17.663
1997.301      -20.097
1997.328      -17.944
1997.356      -14.737
1997.383      -17.239
1997.41      -15.381
1997.464      -17.839
1997.491      -15.635
1997.519      -13.675
1997.546      -10.172
1997.573      -13.223
1997.627      -14.612
1997.654      -12.86
1997.681      -11.984
1997.709      -9.389
1997.736      -9.934
1997.79      -13.272
1997.817      -12.001
1997.845      -10.272
1997.872      -14.706
1997.899      -15.72
1997.926      -14.051
1997.953      -18.653
1997.98      -14.488
1998.008      -15.194
1998.035      -13.275
1998.089      -15.716
1998.116      -15.837
1998.143      -15.228
1998.171      -15.672
1998.198      -13.702
1998.225      -13.474
1998.252      -16.065
1998.279      -12.806
1998.306      -13.395
1998.334      -13.239
1998.361      -15.895
1998.415      -20.086
1998.442      -19.101
1998.469      -18.314
1998.497      -15.958
1998.524      -17.031
1998.551      -21.278
1998.605      -19.952
1998.632      -22.318
1998.659      -19.724
1998.687      -20.11
1998.714      -22.73
1998.741      -23.041
1998.768      -22.855
1998.823      -19.889
1998.85      -22.739
1998.877      -23.671
1998.904      -25.656
1998.931      -19.202
1998.958      -20.969
1998.986      -19.702
1999.013      -21.872
1999.04      -19.664
1999.094      -23.615
1999.125      -9.86
1999.149      -14.8
1999.176      -15.865
1999.203      -17.917
1999.23      -15.38
1999.257      -14.997
1999.284      -15.301
1999.339      -16.383
1999.366      -16.888
1999.393      -18.065
1999.42      -14.095
1999.447      -17.255
1999.475      -16.492
1999.502      -14.549
1999.529      -14.563
1999.556      -15.918
1999.583      -13.991
1999.61      -16.761
1999.637      -13.19
1999.692      -15.567
1999.719      -12.1
1999.746      -13.752
1999.773      -10.471
1999.801      -12.354
1999.828      -15.541
1999.855      -17.563
1999.882      -14.536
1999.909      -13.927
1999.964      -10.611
1999.991      -10.475
2000.018      -13.015
2000.045      -12.245
2000.072      -9.266
2000.099      -12.179
2000.126      -14.197
2000.153      -12.326
2000.18      -14.41
2000.207      -15.26
2000.234      -8.986
2000.289      -12.929
2000.316      -14.16
2000.343      -15.477
2000.37      -14.56
2000.397      -13.842
2000.424      -12.315
2000.451      -13.457
2000.478      -15.197
2000.505      -14.446
2000.533      -12.293
2000.587      -13.416
2000.614      -13.746
2000.641      -11.878
2000.668      -16.371
2000.695      -14.401
2000.722      -8.004
2000.749      -6.193
2000.776      -7.469
2000.803      -11.422
2000.858      -9.668
2000.884      -8.64
2000.913      -9.249
2000.939      -11.923
2000.966      -12.588
2000.993      -8.395
2001.02      -8.53
2001.075      -8.563
2001.102      -9.973
2001.129      -13.797
2001.156      -9.147
2001.183      -5.7
2001.21      -9.314
2001.238      -5.025
2001.265      -6.59
2001.292      -5.784
2001.319      -7.639
2001.346      -8.008
2001.373      -6.16
2001.401      -6.926
2001.428      -8.729
2001.455      -10.475
2001.482      -3.586
2001.509      -2.851
2001.536      -0.665
2001.564      -5.127
2001.591      -2.405
2001.618      -7.035
2001.645      -7.839
2001.672      -5.805
2001.699      -1.871
2001.727      -2.095
2001.754      -3.013
2001.781      -8.025
2001.808      -10.135
2001.835      -4.399
2001.862      -2.206
2001.89      -5.28
2001.917      -7.923
2001.944      -8.285
2001.971      -7.328
2001.998      -2.286
2002.026      -5.172
2002.053      -6.385
2002.081      -0.687
2002.107      -0.667
2002.134      -0.651
2002.161      -0.911
2002.188      -6.605
2002.216      -3.988
2002.243      -4.941
2002.27      0.155
2002.297      -4.405
2002.324      -3.142
2002.351      -3.492
2002.379      -1.997
2002.406      -2.225
2002.433      -4.616
2002.46      -1.812
2002.487      1.962
2002.514      -0.8
2002.542      0.279
2002.569      1.713
2002.596      2.527
2002.623      4.299
2002.65      -0.39
2002.677      -2.753
2002.705      -2.244
2002.732      -0.726
2002.759      -1.096
2002.786      1.866
2002.813      6.252
2002.84      -0.469
2002.868      0.385
2002.895      4.083
2002.922      1.973
2002.949      1.781
2002.976      0.934
2003.003      -1.323
2003.031      -2.303
2003.058      5.217
2003.085      4.971
2003.112      6.98
2003.139      1.179
2003.166      0.11
2003.194      1.218
2003.221      3.036
2003.248      2.392
2003.275      1.597
2003.302      -0.157
2003.329      0.907
2003.357      1.957
2003.384      2.127
2003.411      1.972
2003.438      -0.154
2003.465      1.308
2003.492      -1.062
2003.52      -0.8
2003.547      3.375
2003.574      1.681
2003.601      1.482
2003.628      -2.446
2003.655      0.383
2003.683      2.713
2003.71      1.508
2003.737      0.781
2003.764      3.272
2003.791      1.495
2003.818      1.439
2003.846      0.395
2003.871      0.589
2003.927      3.679
2003.954      2.482
2003.981      -0.481
2004.009      0.968
2004.036      6.425
2004.063      6.713
2004.09      4.738
2004.113      -1.611
2004.148      3.828
2004.171      4.03
2004.198      3.034
2004.225      3.156
2004.251      5.412
2004.279      4.231
2004.307      7.692
2004.334      2.555
2004.361      1.688
2004.388      -0.258
2004.415      3.865
2004.442      3.01
2004.469      2.939
2004.496      6.934
2004.523      6.796
2004.55      5.25
2004.577      1.741
2004.605      2.785
2004.632      5.36
2004.659      5.104
2004.686      6.001
2004.713      8.823
2004.74      4.731
2004.767      5.558
2004.794      6.818
2004.821      5.395
2004.848      6.352
2004.875      7.33
2004.902      2.66
2004.93      5.603
2004.957      7.301
2004.984      13.427
2005.011      6.829
2005.038      5.474
2005.065      8.55
2005.092      8.264
2005.12      10.249
2005.147      10.023
2005.174      13.741
2005.201      12.446
2005.228      6.472
2005.255      7.64
2005.283      11.466
2005.31      8.121
2005.337      10.283
2005.364      10.61
2005.391      9.352
2005.418      10.458
2005.446      10.769
2005.473      11.564
2005.5      10.124
2005.527      11.953
2005.554      8.28
2005.582      9.804
2005.609      6.388
2005.636      7.768
2005.663      9.429
2005.69      9.055
2005.712      8.551
2005.749      9.803
2005.772      10.844
2005.799      8.865
2005.826      9.497
2005.853      12.9
2005.88      11.812
2005.907      11.96
2005.935      11.409
2005.962      11.899
2005.989      12.805
2006.016      10.28
2006.043      7.394
2006.07      8.838
2006.098      9.636
2006.125      9.187
2006.152      9.248
2006.179      11.061
2006.206      6.067
2006.233      9.299
2006.261      7.884
2006.288      7.611
2006.315      7.07
2006.342      7.929
2006.369      11.645
2006.396      12.865
2006.424      11.635
2006.451      12.211
2006.478      11.364
2006.505      12.88
2006.532      13.769
2006.559      11.962
2006.587      9.965
2006.614      7.741
2006.641      11.23
2006.668      14.016
2006.695      13.18
2006.722      13.992
2006.75      12.191
2006.777      12.542
2006.804      13.222
2006.823      12.035
2006.888      12.612
2006.913      11.504
2006.939      15.973
2006.967      13.893
2006.994      13.178
2007.021      9.725
2007.048      7.207
2007.076      10.837
2007.103      11.091
2007.13      11.823
2007.157      13.471
2007.184      10.08
2007.211      10.989
2007.239      11.034
2007.266      13.523
2007.293      14.357
2007.32      12.619
2007.347      7.474
2007.374      12.076
2007.402      13.474
2007.429      12.81
2007.456      10.146
2007.483      9.855
2007.51      10.428
2007.537      8.977
2007.565      7.194
2007.592      8.022
2007.619      12.995
2007.646      9.495
2007.673      7.108
2007.7      7.513
2007.728      12.256
2007.755      11.138
2007.782      9.951
2007.809      10.79
2007.836      8.029
2007.863      11.817
2007.891      16.327
2007.918      16.009
2007.945      14.218
2007.972      8.984
2007.999      9.546
2008.026      12.264
2008.053      14.615
2008.08      14.399
2008.108      11.142
2008.135      12.155
2008.162      9.093
2008.189      12.599
2008.216      13.812
2008.243      11.459
2008.27      11.155
2008.297      12.195
2008.324      11.558
2008.345      11.956
2008.379      17.503
2008.406      19.575
2008.433      17.684
2008.46      16.188
2008.487      17.562
2008.514      18.4
2008.541      15.019
2008.568      13.958
2008.595      12.776
2008.622      15.348
2008.649      13.256
2008.676      12.687
2008.704      11.287
2008.731      13.794
2008.758      14.012
2008.785      14.462
2008.812      14.436
2008.839      13.405
2008.866      14.617
2008.893      13.604
2008.92      17.991
2008.947      14.6
2008.975      13.297
2009.002      15.145
2009.029      15.745
2009.056      16.777
2009.083      15.043
2009.11      13.162
2009.137      15.067
2009.165      16.505
2009.192      16.11
2009.219      16.726
2009.246      16.379
2009.273      16.48
2009.3      17.624
2009.328      16.697
2009.355      16.141
2009.382      15.718
2009.409      14.774
2009.436      16.662
2009.463      17.141
2009.491      15.664
2009.518      14.268
2009.545      16.857
2009.572      20.774
2009.599      18.18
2009.626      18.052
2009.654      18.428
2009.681      18.99
2009.708      21.166
2009.735      20.317
2009.762      19.784
2009.789      20.682
2009.817      22.621
2009.844      23.839
2009.871      20.889
2009.898      21.701
2009.925      19.497
2009.952      18.502
2009.98      23.882
2010.007      20.705
2010.034      20.075
2010.061      19.475
2010.088      16.112
2010.115      20.207
2010.143      22.802
2010.17      25.926
2010.197      19.13
2010.224      19.651
2010.251      18.612
2010.278      21.622
2010.306      21.282
2010.333      18.845
2010.36      19.581
2010.387      23.139
2010.414      22.467
2010.441      23.519
2010.469      23.939
2010.496      23.234
2010.523      21.496
2010.55      22.45
2010.577      20.241
2010.604      18.435
2010.632      18.96
2010.659      14.304
2010.686      15.701
2010.713      15.523
2010.74      14.531
2010.767      14.658
2010.795      17.426
2010.822      16.215
2010.849      15.181
2010.876      15.866
2010.903      13.2
2010.93      14.403
2010.958      14.941
2010.985      17.263
2011.012      14.56
2011.039      13.899
2011.066      15.668
2011.093      15.576
2011.121      15.557
2011.148      14.928
2011.175      15.645
2011.202      16.15
2011.229      12.577
2011.256      14.747
2011.284      14.275
2011.311      14.331
2011.338      11.392
2011.365      16.217
2011.392      17.255
2011.419      17.355
2011.447      19.458
2011.474      21.545
2011.501      19.596
2011.528      19.517
2011.555      18.236
2011.582      18.604
2011.61      22.039
2011.637      22.22
2011.664      21.686
2011.691      19.719
2011.718      18.591
2011.745      20.755
2011.773      21.743
2011.8      23.975
2011.827      19.019
2011.854      18.13
2011.881      19.949
2011.908      24.401
2011.936      23.25
2011.963      23.238
2011.99      22.34
2012.017      25.009
2012.044      25.017
2012.071      26.455
2012.098      25.936
2012.125      26.887
2012.152      25.148
2012.18      24.165
2012.207      23.871
2012.234      25.305
2012.261      24.384
2012.288      24.911
2012.315      25.27
2012.342      25.829
2012.369      27.145
2012.396      26.565
2012.423      26.24
2012.45      31.223
2012.478      30.064
2012.505      29.88
2012.532      32.769
2012.559      34.062
2012.586      31.513
2012.613      31.391
2012.64      27.077
2012.667      30.558
2012.694      29.214
2012.721      32.416
2012.748      31.816
2012.776      32.542
2012.803      29.91
2012.83      30.486
2012.857      32.223
2012.884      32.26
2012.911      31.423
2012.938      34.932
2012.965      31.816
2012.992      32.909
2013.019      32.367
2013.047      31.885
2013.074      34.305
2013.101      33.97
2013.128      31.809
2013.155      33.262
2013.182      35.072
2013.21      33.384
2013.268      32.639
2013.291      29.239
2013.318      32.4
2013.345      32.956
2013.373      30.57
2013.4      29.972
2013.427      29.921
2013.454      29.673
2013.481      31.499
2013.508      30.089
2013.536      29.416
2013.563      31.284
2013.59      31.12
2013.617      26.293
2013.644      27.089
2013.668      30.016
2013.705      27.756
2013.726      28.6
2013.753      29.258
2013.78      29.646
2013.807      33.162
2013.834      34.28
2013.862      33.484
2013.889      33.05
2013.916      32.927
2013.943      29.437
2013.97      30.508
2013.997      32.38
2014.025      32.536
2014.052      33.894
2014.079      33.483
2014.106      34.722
2014.133      36.442
2014.16      37.084
2014.188      36.395
2014.215      35.507
2014.242      35.453
2014.269      34.647
2014.296      34.286
2014.323      31.749
2014.351      31.708
2014.378      32.498
2014.405      33.675
2014.432      33.991
2014.459      34.703
2014.486      36.386
2014.514      37.0
2014.541      37.119
2014.568      34.358
2014.595      36.676
2014.622      38.648
2014.649      38.556
2014.677      36.347
2014.704      36.287
2014.731      33.894
2014.758      35.412
2014.785      38.362
2014.812      38.836
2014.84      36.331
2014.867      35.851
2014.894      32.643
2014.921      35.332
2014.948      42.64
2014.975      39.397
2015.003      35.277
2015.03      38.271
2015.057      38.797
2015.084      41.857
2015.111      42.371
2015.138      45.573
2015.166      44.71
2015.193      42.314
2015.22      41.831
2015.247      43.585
2015.274      44.988
2015.301      44.133
2015.329      44.007
2015.356      42.249
2015.383      41.222
2015.41      44.573
2015.437      45.654
2015.464      46.925
2015.492      47.938
2015.519      46.134
2015.546      46.516
2015.573      47.128
2015.6      48.831
2015.627      46.403
2015.655      50.883
2015.682      51.252
2015.709      49.137
2015.736      49.899
2015.763      50.578
2015.79      51.388
2015.818      53.239
2015.845      50.067
2015.872      47.424
2015.899      50.34
2015.926      49.338
2015.953      47.842
2015.981      46.619
2016.008      44.136
2016.035      49.4
2016.062      52.894
2016.089      48.425
2016.116      51.516
2016.143      50.302
2016.17      50.926
2016.197      49.63
2016.224      52.651
2016.224      53.451
2016.252      50.419
2016.279      50.331
2016.306      47.382
2016.333      46.345
2016.36      46.381
2016.387      45.939
2016.414      48.867
2016.441      48.119
2016.468      49.957
2016.495      48.26
2016.522      47.731
2016.55      47.35
2016.577      44.441
2016.604      43.735
2016.631      42.709
2016.658      45.749
2016.685      47.438
2016.712      47.051
2016.739      44.747
2016.766      43.163
2016.793      46.61
2016.82      46.676
2016.848      48.252
2016.875      49.73
2016.902      53.76
2016.929      49.962
2016.956      48.062
2016.983      47.491
2017.01      46.899
2017.037      49.25
2017.064      47.632
2017.092      46.464
2017.119      45.741
2017.146      46.818
2017.173      47.938
2017.2      48.142
2017.227      48.566
2017.255      50.14
2017.282      47.757
2017.309      48.211
2017.336      47.974
2017.363      48.903
2017.39      45.449
2017.418      48.258
2017.445      47.98
2017.472      47.783
2017.499      47.752
2017.526      48.489
2017.553      48.922
2017.581      51.652
2017.608      50.137
2017.635      49.216
2017.662      50.473
2017.689      52.591
2017.716      52.043
2017.744      48.769
2017.771      48.646
2017.798      49.155
2017.825      51.576
2017.852      54.27
2017.879      54.275
2017.907      55.96
2017.934      54.968
2017.961      54.859
2017.988      52.27
2018.015      53.05
2018.042      53.87
2018.07      54.238
2018.097      53.825
2018.124      51.18
2018.151      49.843
2018.178      54.257
2018.205      54.063
2018.233      51.499
2018.26      49.077
2018.287      51.702
2018.314      52.86
2018.341      52.72
2018.368      52.338
2018.396      51.565
2018.423      52.64
2018.45      52.523
2018.477      52.184
2018.504      52.809
2018.531      54.406
2018.559      54.462
2018.586      52.713
2018.613      53.391
2018.64      53.077
2018.667      54.358
2018.694      56.814
2018.722      55.092
2018.749      57.903
2018.776      55.142
2018.803      57.41
2018.83      59.686
2018.857      57.923
2018.885      55.898
2018.912      54.263
2018.939      55.673
2018.966      56.354
2018.993      56.244
2019.02      55.496
2019.048      61.207
2019.075      57.521
2019.102      58.881
2019.129      58.616
2019.187      59.291
2019.211      60.589
2019.238      57.828
2019.259      58.969
2019.292      57.848
2019.319      60.909
2019.346      62.265
2019.374      59.276
2019.401      58.373
2019.428      59.015
2019.455      63.06
2019.482      61.577
2019.509      61.759
2019.537      61.577
2019.564      60.84
2019.591      61.571
2019.618      64.544
2019.645      65.442
2019.672      63.449
2019.7      63.913
2019.727      62.278
2019.754      60.748
2019.781      62.448
2019.808      61.676
2019.835      60.404
2019.863      64.117
2019.89      63.088
2019.917      63.768
2019.944      65.278
2019.971      64.046
2019.998      62.513
2020.026      60.164
2020.053      57.515
2020.074      60.105
2020.134      62.649
2020.161      60.689
2020.188      62.995
2020.215      59.707
2020.242      62.053
2020.269      62.247
2020.296      59.886
2020.324      60.558
2020.351      62.908
2020.378      62.598
2020.405      62.175
2020.432      63.491
2020.458      61.418
2020.486      62.986
2020.513      62.832
2020.54      63.759
2020.567      63.904
2020.594      63.425
2020.622      60.348
2020.649      61.956
2020.676      62.787
2020.703      62.618
2020.73      61.914
2020.757      64.321
2020.784      64.058
2020.809      63.39
2020.839      65.505
2020.865      64.483
2020.892      62.166
2020.92      65.491
2020.947      64.4
2020.974      64.159
2021.001      65.612
2021.028      66.718
2021.055      67.556
2021.082      68.128
2021.109      64.752
2021.137      62.367
2021.164      61.601
2021.191      63.707
2021.218      65.121
2021.245      67.972
2021.272      67.172
2021.3      66.524
2021.327      63.788
2021.354      66.533
2021.381      69.113
2021.408      67.575
2021.435      64.669
2021.463      67.241
2021.49      66.889
2021.517      68.402
2021.544      66.698
2021.571      68.621
2021.598      69.929
2021.626      70.252
2021.653      65.773
2021.68      67.929
2021.707      70.496
2021.734      68.936
2021.761      69.19
2021.789      69.582
2021.816      70.903
2021.843      69.412
2021.87      67.154
2021.897      69.961
2021.924      72.356
2021.952      67.902
2021.979      66.645
2022.006      68.773
2022.033      71.449
2022.06      71.956
2022.087      69.198
2022.115      70.207
2022.142      65.896
2022.169      65.522
2022.196      68.926
2022.223      68.046
2022.25      68.805
2022.278      70.622
2022.305      66.972
2022.332      69.436
2022.359      66.373
2022.386      67.735
2022.413      66.569
2022.441      68.019
2022.468      66.057
2022.495      69.76
2022.522      73.131
2022.549      74.492
2022.576      69.888
2022.604      66.535
2022.631      68.209
2022.658      69.149
2022.685      71.938
2022.712      72.451
2022.739      73.147
2022.767      71.958
2022.794      70.818
2022.821      71.695
2022.848      76.452
2022.875      74.53
